SIMPLE  =                    T / conforms to FITS standard
BITPIX  =                  -64 / array data type
NAXIS   =                    2 / number of array dimensions
NAXIS1  =                  100
NAXIS2  =                  100
CD1_1   = -0.00416666666666666
CD2_2   = 0.004166666666666667
EQUINOX =               2000.0
SPECSYS = 'LSRK    '
VELREF  = '257     '
RESTFRQ =              13.7788
CTYPE1  = 'GLON-CAR'
CTYPE2  = 'GLAT-CAR'
CRVAL1  =                0.256
CRVAL2  =                    0
CRPIX1  =                   50
CRPIX2  =                44.72
BMAJ    =             0.138888
BMIN    =             0.138888
BUNIT   = 'K       '
END
